0
! 0 0 0 0 0 0 0 0

1
c 1 0 0 0 0 0 0 0
e 0 1 0 0 0 0 0 0

2
c 1 0 1 0 0 0 0 0
e 0 1 0 0 0 0 0 1
k 0 1 0 0 1 0 0 0
a 1 1 0 0 0 0 0 0
i 0 1 0 0 0 1 0 0
n 1 0 0 0 1 0 0 0

3
c 1 0 1 0 1 0 0 0
e 0 1 0 1 0 0 0 1
k 0 1 0 0 1 0 0 1
a 1 1 0 0 0 0 0 1
i 1 0 0 0 0 0 1 1
n 1 0 1 0 0 0 0 1
y 1 0 1 0 0 1 0 0
q 1 0 0 0 1 0 0 1
j 0 0 1 1 0 1 0 0
r 0 1 1 0 0 1 0 0

4
c 1 0 1 0 1 0 1 0
e 0 1 0 1 0 1 0 1
k 0 1 1 0 1 0 0 1
a 1 0 0 0 0 1 1 1
i 1 0 1 1 0 0 0 1
n 1 0 0 0 1 0 1 1
y 1 0 1 0 0 1 1 0
q 1 1 0 0 1 0 0 1
j 0 0 1 1 0 1 0 1
r 0 1 1 1 0 1 0 0
t 1 1 1 0 0 1 0 0
w 1 0 0 0 1 1 0 1
z 1 1 0 0 1 1 0 0

5
c 0 1 0 1 0 1 1 1
e 1 0 1 0 1 1 1 0
k 1 0 1 1 0 1 1 0
a 0 0 1 1 1 1 1 0
i 0 1 1 1 1 1 0 0
n 0 1 0 1 1 1 1 0
y 0 1 0 1 1 0 1 1
q 0 1 1 1 0 1 1 0
j 1 1 0 0 1 0 1 1
r 1 0 0 1 1 0 1 1

6
c 0 1 0 1 1 1 1 1
e 1 0 1 1 1 1 1 0
k 1 0 1 1 0 1 1 1
a 0 0 1 1 1 1 1 1
i 1 0 1 1 1 0 1 1
n 0 1 1 1 0 1 1 1

7
c 0 1 1 1 1 1 1 1
e 1 0 1 1 1 1 1 1

8
! 1 1 1 1 1 1 1 1