0
! 0 0 0 0 0 0 0 0

1
a 0 0 0 0 1 0 0 0
c 1 0 0 0 0 0 0 0

2
a 0 0 0 0 1 1 0 0
c 0 0 0 0 1 0 1 0
e 1 0 0 0 1 0 0 0
h 0 1 0 0 1 0 0 0
i 0 0 1 0 1 0 0 0
j 1 1 0 0 0 0 0 0
n 1 0 1 0 0 0 0 0

3
a 0 0 0 0 1 1 1 0
c 1 0 0 0 1 1 0 0
e 0 0 1 0 1 1 0 0
h 0 0 0 1 1 0 1 0
i 1 0 0 0 1 0 1 0
j 0 0 1 1 1 0 0 0
n 0 1 0 1 1 0 0 0
o 1 0 0 1 1 0 0 0
p 1 1 0 1 0 0 0 0
q 1 0 1 0 0 0 1 0

4
a 0 0 0 0 1 1 1 1
c 0 0 1 0 1 1 0 1
e 0 0 0 1 1 1 0 1
h 1 0 0 0 1 1 0 1
i 0 0 1 1 1 1 0 0
j 0 1 0 1 1 1 0 0
n 1 0 0 1 1 1 0 0
o 1 1 0 0 1 1 0 0
p 0 1 0 1 1 0 1 0
q 1 0 1 0 1 0 1 0
r 1 0 0 1 1 0 1 0
t 1 1 0 1 1 0 0 0
u 0 1 1 1 1 0 0 0
v 1 0 1 1 1 0 0 0
w 1 1 1 1 0 0 0 0

5
a 1 1 1 1 0 0 0 1
c 0 1 1 1 0 0 1 1
e 1 1 0 1 0 0 1 1
h 1 1 1 0 0 1 0 1
i 0 1 1 1 0 1 0 1
j 1 1 0 0 0 1 1 1
n 1 0 1 0 0 1 1 1
o 0 1 1 0 0 1 1 1
p 0 0 1 0 1 1 1 1
q 0 1 0 1 1 1 0 1

6
a 1 1 1 1 0 0 1 1
c 1 1 1 1 0 1 0 1
e 0 1 1 1 0 1 1 1
h 1 0 1 1 0 1 1 1
i 1 1 0 1 0 1 1 1
j 0 0 1 1 1 1 1 1
n 0 1 0 1 1 1 1 1

7
a 1 1 1 1 0 1 1 1
c 0 1 1 1 1 1 1 1

8
! 1 1 1 1 1 1 1 1