0
! 0 0 0 0 0 0 0 0

1
! 1 0 0 0 0 0 0 0

2
a 1 1 0 0 0 0 0 0
c 1 0 1 0 0 0 0 0
e 1 0 0 1 0 0 0 0
h 1 0 0 0 1 0 0 0
i 1 0 0 0 0 1 0 0
j 1 0 0 0 0 0 0 1

3
a 1 1 1 0 0 0 0 0
c 1 1 0 1 0 0 0 0
e 1 1 0 0 1 0 0 0
h 1 0 1 0 1 0 0 0
i 1 0 1 0 0 1 0 0
j 1 0 1 0 0 0 0 1
n 1 0 0 1 0 0 0 1

4
a 1 1 1 1 0 0 0 0
c 1 1 1 0 1 0 0 0
e 1 1 1 0 0 1 0 0
h 1 1 1 0 0 0 1 0
i 1 1 1 0 0 0 0 1
j 1 1 0 1 1 0 0 0
n 1 1 0 1 0 1 0 0
o 1 1 0 1 0 0 1 0
p 1 1 0 0 1 1 0 0
q 1 0 1 0 1 0 1 0
r 1 0 1 0 1 0 0 1
t 1 0 1 0 0 1 0 1
u 1 0 0 1 1 0 0 1

5
a 0 0 0 1 1 1 1 1
c 0 0 1 0 1 1 1 1
e 0 0 1 1 0 1 1 1
h 0 1 0 1 0 1 1 1
i 0 1 0 1 1 0 1 1
j 0 1 0 1 1 1 1 0
n 0 1 1 0 1 1 1 0

6
a 0 0 1 1 1 1 1 1
c 0 1 0 1 1 1 1 1
e 0 1 1 0 1 1 1 1
h 0 1 1 1 0 1 1 1
i 0 1 1 1 1 0 1 1
j 0 1 1 1 1 1 1 0

7
! 0 1 1 1 1 1 1 1

8
! 1 1 1 1 1 1 1 1